grisham;f524774d-fc32-41e9-bbc7-766bafd654cf;8,8,10;0,0,0,0,0,0,1,0;0,0,1,0,0,0,0,0;0,0,0,0,0,0,0,1;1,0,0,1,0,0,0,0;0,1,0,0,0,0,0,0;0,0,0,0,0,0,0,0;1,1,0,0,1,0,0,0;0,0,0,0,1,0,0,0
grisham;83bbe85e-241f-4ca1-9dab-d9671d0141be;8,8,10;0,0,0,0,0,0,0,0;0,1,0,1,0,1,0,0;0,0,0,1,0,0,0,0;0,1,0,0,0,0,0,0;0,0,0,0,0,1,0,1;0,0,0,0,0,0,1,0;0,0,0,0,0,0,0,0;0,1,0,0,0,0,0,1
grisham;564b13a4-7a14-4274-b6f1-8450470304b6;8,8,10;0,0,0,0,1,0,1,0;0,0,0,0,0,0,0,0;0,0,0,0,0,0,0,0;1,0,0,0,1,0,0,1;0,0,0,0,1,0,0,0;0,0,0,1,0,0,0,0;0,0,0,0,0,0,0,0;0,1,0,1,0,1,0,0
grisham;2a018410-58b4-445a-be4d-f80bfb3ff7fc;8,8,10;0,0,0,1,0,0,0,0;0,0,0,1,0,0,0,0;0,1,0,1,0,0,1,0;0,0,0,1,0,0,0,0;0,0,0,0,1,1,0,0;0,0,0,1,0,0,0,0;0,0,0,0,0,0,0,0;0,0,0,0,0,0,1,0
grisham;8b2b0185-23d2-4abf-955c-d0d9f49adc36;18,18,60;0,1,0,0,0,1,0,1,0,1,0,1,0,0,0,0,0,1;0,1,0,1,0,0,0,0,0,0,0,1,1,0,1,0,0,0;1,0,0,0,0,0,0,0,0,0,1,0,0,1,0,0,0,0;0,1,0,0,1,1,0,0,0,1,0,0,0,0,0,1,0,0;0,0,0,0,0,0,0,0,0,0,0,0,0,0,0,0,0,1;1,0,0,0,0,0,0,0,0,0,1,0,1,0,0,1,0,1;0,0,1,0,0,0,0,0,0,0,0,1,0,0,0,0,0,1;1,1,0,0,0,1,1,0,0,0,0,0,0,0,0,1,0,0;0,0,0,1,0,0,0,0,0,0,0,0,0,1,0,1,0,0;0,1,0,0,0,0,0,0,0,0,0,1,0,0,0,0,0,0;0,1,0,0,0,0,0,0,0,0,0,0,0,0,0,0,0,0;0,0,0,0,1,1,0,0,0,0,1,0,0,0,0,0,0,0;0,0,0,1,0,0,0,0,0,0,0,0,1,0,0,0,0,0;0,0,0,0,0,0,0,1,0,1,0,0,1,1,1,0,0,0;0,0,0,0,0,0,0,0,0,1,0,0,0,0,1,1,0,0;0,0,0,0,0,0,0,0,1,1,0,1,0,0,0,0,0,1;0,0,0,0,0,0,0,0,0,1,0,0,0,0,0,0,0,0;1,1,1,0,0,0,0,0,0,0,0,0,0,0,0,0,0,0
grosham;e351b6cc-d02a-4c68-9b51-33af8fe7b3f3;8,8,10;0,0,0,1,1,0,0,0;0,0,0,0,0,0,0,0;0,0,0,0,0,0,1,0;0,0,0,1,0,0,0,0;0,0,0,1,0,0,0,0;1,0,0,0,0,0,1,1;0,0,0,0,0,0,0,0;0,1,0,0,0,1,0,0
grisham;b77fa9d4-2e34-485f-bc8d-140c250b8fbf;10,10,15;0,0,0,0,0,0,1,1,0,0;0,0,0,0,0,0,0,1,1,0;1,0,0,0,0,0,0,0,0,0;0,0,0,0,0,0,0,0,0,0;0,0,0,0,0,0,0,0,0,0;0,1,0,0,0,0,1,0,0,0;1,1,0,1,0,0,0,0,0,0;0,0,0,0,0,1,0,0,0,1;0,0,0,0,1,0,1,0,0,0;0,1,0,0,0,0,0,0,0,0
grisham;33ec4f38-20a8-4207-807c-67a6cd55f177;8,8,10;0,0,0,0,0,0,0,1;0,0,0,0,1,0,0,0;0,0,0,0,0,0,0,0;1,0,0,0,0,0,0,0;0,1,0,0,0,0,0,0;1,0,0,1,0,0,1,1;0,0,0,0,0,0,0,0;0,0,0,1,0,1,0,0
grisham;e62abfed-b1b1-492f-82c8-b50a0800fb4a;18,18,60;0,0,0,0,0,0,0,0,1,0,0,1,0,1,0,0,0,0;1,0,0,0,0,1,1,0,0,0,1,0,0,0,0,0,1,0;0,0,1,0,0,0,0,1,0,0,0,0,0,1,0,0,0,0;0,0,0,0,0,1,0,0,0,0,0,1,0,0,0,0,0,0;0,0,0,0,0,0,0,0,0,1,1,0,1,0,0,0,1,1;0,1,0,0,1,0,0,0,0,0,0,0,0,0,0,0,0,0;0,0,1,0,0,0,0,0,0,0,0,0,1,0,0,0,1,0;0,0,0,0,0,1,0,0,0,1,1,1,0,0,0,0,0,0;0,0,0,0,0,0,0,0,0,1,1,0,1,0,0,0,0,0;0,0,0,1,0,0,0,0,0,0,0,1,0,0,0,1,0,0;0,1,1,0,0,0,0,0,1,0,0,1,0,1,0,0,0,0;0,0,0,0,0,1,0,0,0,0,1,0,1,0,0,0,0,0;0,0,0,0,0,0,0,0,0,0,1,0,0,0,0,0,0,0;0,0,0,0,0,0,0,1,0,0,1,0,0,0,1,1,1,1;0,0,0,0,0,0,0,0,0,0,0,0,0,0,1,0,0,0;0,0,0,0,0,0,0,0,0,0,0,0,0,1,1,0,1,0;0,0,0,0,0,1,1,0,0,0,0,0,0,0,0,0,0,0;0,1,0,0,0,0,1,0,1,0,0,0,0,1,1,0,0,1
bob;330fe38a-c2cb-4edd-99ad-c51a679193f4;32,32,150;0,0,0,0,0,0,0,0,0,0,0,0,0,0,0,0,0,0,0,0,1,0,0,0,0,0,0,0,0,0,0,0;0,0,0,0,0,0,0,1,0,0,0,1,0,0,0,0,0,0,0,0,1,1,0,0,1,0,0,1,0,0,0,0;0,0,0,0,0,0,0,0,0,1,0,0,0,1,1,0,0,0,0,0,0,0,0,0,0,0,0,0,0,0,0,0;0,0,0,0,0,0,0,0,0,0,1,1,0,1,0,0,0,1,0,0,0,1,0,0,0,0,0,1,0,0,0,0;0,0,1,0,0,1,1,0,0,0,0,0,0,1,0,0,1,1,0,0,0,0,0,0,0,0,0,0,0,0,0,1;1,0,1,0,0,0,0,1,0,0,0,0,0,0,0,0,0,0,1,0,0,0,0,0,0,0,1,1,0,1,0,0;0,0,0,0,1,0,0,0,0,0,0,1,0,0,0,1,0,0,0,0,0,0,0,0,0,1,0,1,0,0,0,0;0,0,0,0,0,0,0,0,0,0,0,0,0,0,0,0,0,0,0,1,0,0,0,0,1,0,0,0,0,0,0,0;0,0,0,0,1,0,0,0,0,0,0,0,0,0,1,0,0,0,0,0,0,0,0,0,1,0,0,1,0,0,1,1;0,0,0,0,0,0,1,0,0,1,0,0,0,1,0,0,0,0,0,0,0,0,1,0,0,0,0,0,0,0,0,0;0,0,0,0,0,0,1,1,0,1,0,0,0,0,0,1,0,0,0,0,0,0,0,0,1,0,0,0,0,0,0,0;0,0,0,0,0,1,0,0,0,1,0,0,0,1,0,0,0,1,0,0,0,0,1,0,0,0,0,0,0,0,0,0;0,0,0,1,0,1,0,0,0,0,0,0,0,1,0,0,0,0,0,0,0,1,0,0,0,0,0,0,0,0,1,0;0,0,0,1,0,0,0,0,0,0,0,0,0,0,0,0,0,0,0,0,0,0,1,0,0,0,0,0,0,0,0,1;1,1,0,0,1,0,0,0,0,0,0,0,0,1,0,0,1,1,0,0,0,1,0,1,0,0,1,0,1,1,0,0;1,0,0,0,0,0,0,1,0,0,0,0,0,0,1,0,0,0,0,0,0,0,0,0,0,0,1,0,0,1,1,0;0,0,0,0,0,0,0,0,0,0,1,0,1,1,1,0,0,0,0,0,0,0,0,0,0,0,0,0,0,0,0,0;0,1,0,0,1,0,0,0,0,1,0,0,1,0,0,0,0,0,0,0,0,0,0,0,0,0,0,0,0,0,0,0;0,0,0,0,0,0,0,0,0,0,0,0,0,0,0,0,0,1,1,0,0,1,1,0,0,0,0,0,0,0,0,0;0,0,1,0,0,0,0,0,0,0,0,0,0,0,0,0,0,0,0,0,1,1,0,1,0,0,0,0,0,0,0,0;0,1,1,1,1,0,0,0,0,0,0,0,1,0,0,0,0,0,0,0,0,0,0,0,1,0,0,0,1,0,0,1;0,0,0,0,0,0,0,1,0,0,0,0,0,0,0,0,0,0,0,0,0,0,0,0,0,0,0,0,0,1,0,0;0,1,0,0,0,0,0,0,0,1,0,0,0,1,0,0,0,0,0,0,0,1,0,0,0,0,0,0,0,0,0,0;0,0,0,0,0,1,0,0,0,0,0,0,1,0,0,0,0,0,0,0,0,0,0,0,0,0,0,0,0,0,1,0;0,0,0,0,0,0,0,0,0,0,1,1,0,0,0,0,0,0,0,0,0,0,0,0,0,0,0,0,0,0,0,0;1,0,0,0,0,0,1,0,0,0,0,0,1,0,0,0,0,0,0,0,0,0,0,0,0,1,0,1,0,1,0,0;0,0,1,0,0,0,1,0,0,0,0,1,0,0,0,0,0,0,0,0,0,0,0,0,0,0,0,1,0,0,0,1;0,0,0,1,0,0,0,0,0,0,1,0,0,0,0,0,0,1,1,0,1,0,0,0,0,0,0,0,0,0,0,0;0,0,1,0,0,0,0,1,0,0,0,0,0,0,0,0,0,1,1,0,0,0,1,0,0,0,0,0,0,0,0,1;0,0,0,0,0,0,0,0,0,0,0,1,0,0,0,0,0,1,0,1,0,0,0,0,0,0,0,0,0,0,0,0;0,0,0,0,0,0,0,0,0,1,0,0,0,0,0,0,0,1,0,0,0,1,0,1,0,0,0,0,0,0,0,0;0,0,0,0,0,0,0,1,0,0,0,0,0,0,0,0,0,1,0,0,0,0,0,0,0,0,0,0,0,0,1,1
grisham;61bad447-8d2d-4fb8-8191-99ac610763b4;8,8,10;0,0,1,0,0,0,0,0;1,0,0,0,0,0,0,1;0,0,1,0,0,0,0,0;1,0,0,0,0,0,0,1;0,0,0,1,1,1,0,0;0,0,0,0,0,0,0,0;0,0,0,0,0,1,0,0;0,0,0,0,0,0,0,0
grisham;e8605af7-b0a1-4de8-9375-fd3656e8a669;8,8,10;1,0,0,0,1,0,0,0;0,0,0,0,1,0,0,0;0,0,0,0,0,0,0,0;0,0,0,0,0,0,0,0;0,0,0,0,0,0,0,0;0,0,0,0,0,0,1,0;0,1,1,1,0,0,1,0;0,1,0,0,0,0,0,1
grisham;62eed225-7fe0-48ad-b2db-1ff26368f0f1;8,8,10;0,0,0,0,0,0,0,0;0,1,0,0,0,0,0,0;0,0,0,0,0,0,1,0;0,0,0,1,0,1,0,1;1,0,0,0,0,0,0,0;0,1,0,0,0,0,0,0;0,0,0,0,0,1,0,0;0,0,1,0,1,0,0,0
grishamm;fd903fb0-b282-4ee3-a733-170981a39491;8,8,10;0,0,1,0,0,1,0,0;1,0,0,0,0,0,0,0;0,1,0,0,0,0,0,1;0,0,0,0,0,0,0,0;0,0,0,0,0,1,0,0;0,1,0,0,0,0,0,0;0,0,0,0,0,0,0,0;0,1,0,1,1,0,0,0
grisham;6b4e349a-09c2-4def-9cd8-12f9e9a0cd4b;8,8,10;0,0,1,0,0,0,0,0;0,0,0,1,0,0,1,0;0,0,1,0,0,0,0,0;0,0,0,0,0,0,1,0;0,0,0,0,0,0,0,0;0,1,0,0,0,0,0,0;0,0,0,0,1,1,1,1;0,0,0,0,0,0,0,0
grisham;67ca0ec2-d7a2-4298-94d8-38571822271f;8,8,10;0,1,0,0,0,0,0,0;0,0,0,0,1,1,0,1;0,1,0,0,0,0,0,0;0,0,0,0,0,0,0,0;0,0,0,0,1,0,0,0;0,0,1,1,0,1,0,0;0,0,0,0,0,0,1,0;0,0,0,0,0,0,0,0
grisham;b2cb69b5-83af-4f67-8d69-c582a5482da5;8,8,10;0,0,0,0,0,0,1,0;0,1,0,0,1,0,0,0;0,0,0,0,0,0,0,0;0,0,0,0,0,0,1,0;0,1,1,0,0,0,0,0;0,0,0,1,1,0,1,0;0,0,0,1,0,0,0,0;0,0,0,0,0,0,0,0
grisham;28e5457a-3481-4b74-b1e2-71b06ca0b61d;8,8,10;0,0,0,0,0,0,0,0;0,0,0,0,0,0,0,0;0,0,0,0,0,0,0,1;1,1,1,1,0,0,0,0;0,0,0,1,0,0,0,0;0,0,0,0,0,0,0,0;1,0,0,1,1,0,0,0;0,0,0,0,0,1,0,0
grisham;577b9896-a75d-4861-8680-1e8cddb544e3;8,8,10;0,0,0,0,0,0,0,0;0,0,0,0,0,0,0,0;0,0,0,1,0,0,0,1;0,0,0,0,0,0,1,0;0,1,0,0,0,0,0,1;0,1,1,0,0,0,0,0;1,0,0,0,0,1,0,0;1,0,0,0,0,0,0,0
grusham;0a634ae1-7da8-44ce-a879-710294bc4ed0;8,8,10;0,0,1,0,1,0,0,1;0,0,0,0,0,0,0,0;0,1,0,0,0,0,0,0;0,0,0,0,0,0,0,1;0,0,0,0,0,0,0,0;0,1,1,0,0,0,0,0;0,0,1,1,1,0,0,0;0,0,0,0,0,0,0,0
grisham;d5e5f407-7916-4816-8f92-0543aa5229fe;8,8,10;0,0,0,0,0,0,0,0;0,0,0,0,1,0,0,0;0,0,0,0,0,0,0,1;0,0,0,0,0,1,1,0;1,1,0,0,0,0,0,0;0,0,0,0,1,0,1,0;1,0,0,0,0,0,0,0;0,0,1,0,0,0,0,0
bib;c6482227-7515-4975-8880-f30e0ed104cf;8,8,10;1,0,0,0,0,0,0,0;0,0,0,0,0,0,0,0;1,0,0,0,0,1,0,1;0,0,1,1,1,0,0,0;0,0,0,0,0,0,0,0;0,0,0,0,0,0,0,0;0,1,0,0,0,0,0,0;0,0,0,0,0,0,1,1
q;83b02b35-2d54-49db-ab99-6063a791568e;32,32,150;0,0,0,0,0,0,0,0,0,0,0,0,0,1,1,0,0,0,0,1,0,0,0,0,0,0,0,0,0,0,0,0;1,0,0,1,0,0,0,1,1,0,1,0,0,1,0,0,0,0,0,0,0,0,1,0,0,0,1,0,1,0,1,0;0,0,0,0,0,0,0,0,0,0,0,0,0,0,0,1,0,0,0,0,1,0,0,0,0,0,0,0,0,0,0,0;0,0,1,0,0,0,0,0,0,0,0,0,0,0,0,0,0,0,1,0,0,0,0,0,0,0,0,0,0,0,0,1;0,0,0,0,0,0,0,0,0,0,0,0,0,0,0,1,1,0,0,0,0,1,0,0,1,0,1,0,0,0,0,0;0,0,1,0,0,0,0,0,0,0,1,0,0,0,0,0,0,0,1,0,1,0,0,0,0,0,0,0,1,0,0,1;0,0,0,0,0,0,0,0,0,0,0,0,0,0,1,0,0,0,0,0,0,1,1,0,0,0,0,0,0,0,0,1;0,1,0,1,0,0,0,1,0,0,0,0,0,0,0,0,0,0,0,0,0,0,0,0,0,1,0,0,0,0,1,0;1,1,1,0,0,0,0,0,0,1,1,0,0,0,0,0,0,0,1,0,1,0,0,0,1,0,0,0,0,0,0,0;0,0,1,0,0,1,0,0,1,0,0,0,0,0,1,1,0,0,0,0,0,0,0,1,0,0,0,0,0,0,0,0;0,0,1,0,0,0,1,0,0,0,0,0,0,0,0,0,0,0,0,0,0,1,1,0,0,0,0,0,0,0,0,0;1,0,0,0,0,1,0,0,0,0,0,0,0,0,0,0,0,0,0,0,1,0,1,0,0,0,0,0,0,0,0,0;0,0,0,0,0,0,0,0,1,0,0,0,0,0,0,0,0,0,0,0,0,0,0,1,0,0,1,1,0,0,1,0;0,0,0,0,0,0,0,0,0,0,0,0,0,0,1,0,0,0,0,0,0,0,0,0,0,0,0,1,1,0,0,0;0,0,0,1,0,0,0,0,0,0,0,0,0,0,0,0,1,0,1,0,0,0,0,1,0,0,0,0,0,0,0,0;0,0,0,0,0,0,0,0,0,0,0,0,0,0,1,0,0,1,0,0,0,0,0,0,0,0,0,0,1,0,1,0;0,0,0,0,0,0,0,0,0,0,0,0,1,0,0,1,0,1,1,0,0,0,0,0,0,0,1,0,0,0,0,0;1,0,0,0,0,1,1,0,0,0,0,0,0,0,0,1,0,0,1,0,0,0,1,0,0,0,0,0,0,1,0,0;0,0,0,0,0,0,0,0,0,0,0,0,0,0,0,0,0,0,0,0,0,0,0,0,0,0,0,1,0,0,0,0;0,0,0,0,0,0,0,0,0,0,0,0,0,1,0,0,1,0,0,0,0,1,0,0,0,1,0,0,0,0,0,0;0,1,0,0,1,0,0,0,0,0,0,0,0,0,0,0,0,0,0,0,0,0,0,0,0,0,0,0,0,1,0,0;0,0,0,0,0,0,0,0,0,0,0,0,0,0,1,1,0,0,0,0,0,0,0,0,0,0,0,1,0,0,0,0;0,0,1,1,0,0,1,0,1,0,0,0,1,1,0,0,1,0,0,0,0,1,0,0,0,1,0,0,0,0,0,0;0,0,0,0,1,0,1,0,0,0,1,0,0,0,0,0,0,0,0,0,1,0,0,0,0,0,0,0,0,0,1,0;0,0,0,1,0,0,1,0,0,0,0,0,0,1,0,1,1,0,0,0,0,0,0,1,0,1,0,0,0,0,0,0;0,0,0,0,0,0,0,0,0,0,0,0,0,0,0,0,0,0,0,0,0,0,0,0,0,0,1,0,0,1,0,1;1,0,1,0,0,0,0,0,0,0,0,0,0,0,0,0,0,0,1,0,0,0,0,0,0,0,0,0,0,1,0,1;0,0,0,1,0,0,0,0,0,1,1,0,0,0,0,0,0,0,0,0,0,0,0,0,1,0,0,0,0,0,1,0;0,0,0,0,0,0,0,0,0,0,0,0,1,0,0,0,0,1,0,1,0,0,0,0,0,0,0,1,0,0,0,0;0,1,0,0,0,0,0,0,0,0,0,0,0,0,0,1,0,0,0,0,0,1,1,0,0,0,0,0,0,0,0,0;0,0,0,1,0,0,0,0,0,0,0,0,1,0,0,0,0,0,0,0,0,0,0,0,0,0,1,0,1,1,0,0;0,0,0,1,0,0,0,0,0,0,0,0,1,0,0,0,0,0,0,1,0,0,1,0,0,0,0,0,0,0,0,0
jeff;0eb0a952-38a6-416f-a6b3-458f255900d5;32,32,150;0,0,0,0,0,0,0,0,0,0,0,1,0,0,1,0,0,0,0,0,0,0,0,0,0,0,0,0,0,0,0,0;0,0,0,0,0,0,0,1,0,0,0,0,0,0,0,0,0,0,0,0,0,0,1,0,1,0,0,0,0,0,0,1;0,0,0,0,0,0,0,0,0,0,0,0,0,1,1,0,1,0,1,0,1,0,0,0,0,0,0,0,0,1,0,0;0,0,0,0,0,0,0,0,0,0,0,0,0,0,1,1,1,1,0,0,0,0,0,0,0,0,1,0,1,0,0,0;1,0,0,0,1,0,0,0,0,1,0,0,0,0,0,1,0,0,0,0,0,1,0,1,0,0,0,0,0,0,0,0;0,1,1,0,0,0,0,0,0,0,0,1,0,0,1,0,0,0,0,0,1,0,1,0,0,0,0,0,0,0,0,0;1,0,0,0,0,1,0,1,0,1,0,1,1,0,0,0,0,0,0,0,0,0,0,0,0,0,0,0,0,1,0,0;0,0,0,0,0,0,0,0,0,0,1,0,0,0,0,0,0,1,0,1,0,0,0,0,0,0,0,0,0,0,0,0;0,0,0,0,0,0,0,0,0,0,0,0,0,0,0,0,0,0,0,1,0,0,0,0,0,0,0,0,0,0,1,0;0,0,0,0,0,0,0,0,0,0,0,0,0,0,0,0,0,0,0,0,0,0,1,0,0,0,0,0,0,0,0,0;1,0,0,0,0,1,0,0,0,0,1,0,0,0,0,0,1,0,0,1,0,0,0,0,0,0,0,0,0,0,0,0;0,0,0,0,0,0,0,0,0,1,0,0,0,0,1,0,1,0,0,0,0,0,0,0,0,0,1,0,0,1,0,0;0,0,0,0,0,0,0,0,1,1,0,0,0,1,0,0,1,0,0,0,1,0,1,0,0,0,0,0,1,0,0,0;0,0,0,0,0,0,0,0,0,0,0,0,0,0,0,0,0,0,0,1,1,0,1,0,0,0,0,0,0,0,0,1;0,0,0,1,0,1,1,0,0,0,0,0,0,0,1,0,0,1,0,1,1,0,0,1,0,0,0,0,0,0,0,1;1,1,0,1,0,0,0,0,0,0,0,0,0,1,0,0,0,1,0,0,0,0,0,1,1,0,0,0,0,0,1,0;0,0,0,0,1,1,0,0,0,0,0,0,0,0,0,0,0,0,0,0,0,0,0,1,0,0,0,0,0,0,0,0;0,0,0,0,0,0,0,0,0,0,0,0,1,1,0,0,0,0,0,0,0,0,0,0,0,0,0,0,1,0,0,0;0,0,0,0,0,0,0,0,0,0,1,0,1,0,0,0,0,0,0,0,0,1,0,0,0,0,1,0,1,0,0,0;0,0,1,1,0,0,0,0,0,1,0,0,0,0,0,1,1,0,0,0,0,0,0,0,0,0,0,0,0,0,0,0;1,1,1,0,0,0,0,0,1,0,0,0,0,1,1,0,1,1,0,0,0,0,0,0,0,0,0,0,0,0,0,1;0,0,1,1,0,0,0,0,0,0,0,1,0,0,0,0,0,0,0,1,1,0,0,0,0,0,0,0,0,0,0,0;0,0,0,0,0,0,0,0,0,0,0,0,0,0,0,0,1,1,0,0,1,0,1,0,0,0,0,1,0,0,0,1;0,0,0,0,0,1,0,0,0,1,0,0,0,0,0,0,0,1,0,0,0,0,1,0,0,0,0,0,0,0,0,0;0,0,0,0,0,0,0,0,0,0,0,0,0,0,0,1,0,0,0,0,0,0,0,1,0,1,0,0,0,0,0,0;0,0,1,0,0,0,0,0,0,0,0,0,0,0,0,0,0,0,0,0,0,0,0,0,0,0,0,0,1,0,0,0;0,0,0,0,0,0,0,0,0,0,0,0,0,0,0,0,1,0,1,0,0,1,0,0,0,0,1,0,0,0,0,0;0,0,0,0,0,0,1,0,0,0,0,0,0,0,0,1,0,0,0,0,0,0,0,0,0,0,0,0,0,0,0,0;0,1,0,0,0,0,0,0,0,0,0,0,0,0,0,0,0,0,1,1,0,0,0,0,0,0,0,0,0,0,0,0;0,0,0,0,0,0,0,0,0,0,0,0,0,1,0,0,0,0,0,0,0,0,0,0,1,0,0,0,0,0,0,0;0,0,0,0,0,0,0,1,0,1,1,1,0,0,1,0,1,0,0,0,1,0,0,0,0,0,1,0,0,0,1,0;0,1,0,0,0,0,0,0,0,0,0,0,0,0,0,1,0,0,0,0,0,0,0,1,0,0,0,0,0,1,0,0
jeff;d348ee25-d41c-43d2-9cdb-a5c07a00790d;32,32,150;0,1,0,0,1,0,0,0,0,0,0,0,0,0,0,0,0,0,0,0,0,0,0,0,1,0,0,0,0,1,0,0;1,1,0,0,0,0,0,0,0,0,0,0,0,0,0,0,0,0,1,0,0,0,0,0,0,0,0,0,0,0,0,0;0,0,0,1,0,0,1,0,0,0,0,0,0,0,0,0,0,1,0,0,0,0,0,0,0,0,1,0,0,0,0,0;0,0,0,0,0,0,0,0,0,0,1,1,0,0,0,0,0,0,0,0,0,1,0,1,1,0,0,0,0,0,1,0;0,0,0,0,0,0,0,0,0,0,0,1,0,0,0,0,0,0,0,0,0,1,0,0,0,0,1,0,0,0,0,0;0,0,0,0,0,1,0,1,0,0,0,0,1,0,0,0,0,0,1,0,0,0,0,0,0,0,0,0,0,0,0,0;0,0,0,0,0,1,0,0,0,0,1,0,0,0,1,0,0,0,0,0,0,0,0,0,0,1,0,0,1,0,0,0;0,0,0,0,0,0,0,0,0,0,1,0,0,0,0,0,1,1,0,0,0,0,0,0,0,1,0,0,0,0,0,1;0,0,0,0,0,0,0,0,0,0,0,0,0,0,0,0,0,0,0,0,0,0,1,0,0,1,0,0,0,0,0,0;0,0,0,0,0,0,1,0,0,0,0,0,1,0,0,1,0,0,0,0,0,0,0,0,1,0,0,0,0,0,1,0;0,0,0,0,0,0,0,1,0,0,0,0,0,0,0,0,0,1,0,0,0,0,0,0,0,0,0,0,0,0,0,1;0,0,0,1,0,0,1,0,0,0,0,0,0,0,0,0,1,0,0,0,0,0,0,0,0,0,0,0,0,0,1,0;0,1,0,0,0,0,1,0,0,0,1,0,0,0,1,1,0,0,0,0,0,0,0,0,0,0,1,0,0,0,0,0;0,0,0,0,1,0,0,1,0,0,0,0,0,0,1,0,0,0,0,0,0,0,0,0,1,0,0,0,0,0,0,0;0,0,0,0,1,0,0,0,0,0,0,0,0,0,0,0,0,0,0,1,0,0,0,0,0,0,0,0,0,1,0,1;0,1,0,0,0,0,1,0,0,1,1,0,0,0,0,0,0,0,0,1,0,0,0,0,0,0,0,0,1,0,0,0;0,1,0,0,1,1,0,0,0,0,0,0,0,0,0,0,0,0,0,0,0,0,0,1,0,0,0,0,0,0,0,1;0,0,0,0,0,0,0,1,0,0,0,1,0,0,0,0,0,0,0,0,0,0,1,0,1,0,0,1,0,0,0,1;0,0,0,1,0,0,0,0,0,0,0,0,1,0,0,0,1,0,0,0,0,0,0,0,0,0,1,0,0,0,0,0;1,0,0,1,0,0,0,0,1,0,1,0,0,0,0,0,0,0,0,0,0,0,0,0,0,0,0,0,0,1,0,0;0,0,0,0,1,1,0,0,0,1,1,0,0,0,0,0,0,0,0,0,0,0,1,0,0,0,0,0,0,0,0,0;1,0,0,0,0,0,0,0,1,0,0,1,0,0,0,0,0,0,0,0,0,1,0,0,1,0,0,0,1,0,0,0;1,0,0,0,1,0,0,0,0,1,0,0,0,0,1,1,0,0,1,1,0,0,1,0,1,1,0,0,0,1,0,0;0,0,1,0,0,0,0,0,0,0,0,0,0,0,0,0,0,0,1,0,1,0,0,0,1,0,0,0,0,0,0,1;0,0,0,1,1,0,1,0,0,0,0,0,0,0,0,0,0,0,0,0,0,0,0,0,0,0,0,0,0,0,0,1;0,0,0,0,1,0,0,0,0,0,0,1,0,0,0,0,0,1,1,0,0,0,0,0,0,0,0,0,0,0,0,0;0,0,0,0,0,0,1,0,0,0,0,0,1,1,0,0,0,0,0,0,0,0,0,0,1,0,0,0,0,0,0,0;0,0,0,0,1,1,0,0,0,0,0,0,0,0,0,0,0,0,0,0,0,0,0,0,0,0,0,0,0,0,1,0;0,0,0,1,1,0,1,0,0,0,0,0,0,0,0,0,0,0,0,1,0,0,0,0,0,0,0,0,0,0,1,0;0,0,0,0,0,0,0,0,0,0,0,0,0,1,0,1,1,0,0,0,1,1,0,0,0,0,1,1,0,0,0,0;0,0,0,0,0,0,0,0,0,1,1,0,1,0,1,0,0,0,0,0,0,0,0,0,0,0,0,0,0,0,0,0;1,0,0,0,0,0,0,0,0,0,1,0,0,0,0,0,0,0,0,1,0,0,0,0,0,0,0,0,0,0,1,0
mark;75deef88-bee4-4faa-80dc-75c5f845c9c5;8,8,10;0,1,0,1,0,0,1,0;0,0,1,0,0,0,0,0;0,0,1,0,0,0,0,0;0,0,0,0,0,0,0,0;1,0,0,1,0,0,0,1;1,0,0,0,0,0,0,0;0,0,0,0,0,0,0,0;1,0,0,0,0,0,0,0
123;397912a4-cbe5-4013-a84f-fdb848651145;18,18,60;0,1,0,0,0,0,0,0,1,0,0,0,0,0,0,0,0,0;1,1,1,0,0,0,0,0,0,0,0,0,0,0,1,0,0,0;1,0,0,0,0,0,0,0,1,0,0,0,1,0,0,0,0,0;1,1,0,0,0,0,0,0,0,1,0,1,1,1,0,0,0,1;0,0,0,0,0,0,0,0,0,0,1,0,0,1,0,1,1,0;0,0,0,0,0,0,0,1,1,0,0,0,0,0,1,0,1,0;0,1,0,0,0,0,1,0,0,0,0,0,0,0,0,1,0,0;0,0,0,1,0,1,0,0,0,0,1,0,0,0,0,0,0,0;0,0,0,0,0,1,1,0,0,0,1,0,1,1,0,0,0,0;0,0,0,0,0,0,0,0,0,0,0,1,0,0,0,0,0,0;1,0,0,0,0,0,0,0,0,0,0,0,0,0,0,0,0,0;0,0,0,0,0,1,0,0,0,0,1,0,0,0,0,0,0,0;0,0,1,0,0,1,1,1,0,0,0,1,0,0,0,0,0,0;0,0,0,1,0,0,0,1,0,0,0,1,0,0,0,0,0,0;0,0,0,0,0,0,0,0,0,0,1,0,0,0,0,0,0,0;0,0,0,0,0,0,1,0,0,1,1,1,0,0,0,1,0,0;1,0,1,0,0,1,0,0,0,1,0,0,0,1,0,0,0,0;0,0,0,0,0,0,0,0,0,0,1,1,0,0,0,0,0,0
123;fe62daf9-3ed3-4cef-93ae-4dbeb3922447;32,32,150;0,1,0,0,0,1,0,0,0,0,1,0,0,0,1,0,0,0,0,0,1,0,0,1,0,0,1,0,1,0,1,0;0,0,0,0,0,0,0,0,0,0,0,0,1,0,0,0,0,0,0,0,0,0,0,0,0,0,0,0,0,0,0,0;0,1,0,0,0,1,0,0,1,0,0,0,0,0,1,0,0,0,0,0,0,1,0,0,0,0,0,0,0,1,0,0;0,0,0,0,0,0,0,0,0,0,1,0,1,0,0,0,0,0,0,0,0,1,0,0,0,0,0,0,0,0,1,0;0,0,0,0,0,0,1,1,0,0,0,0,0,0,0,0,0,0,0,0,0,0,0,0,0,0,1,0,0,1,1,1;0,0,0,1,0,0,0,0,0,0,0,0,0,0,0,0,0,1,0,0,0,0,0,0,0,0,0,1,0,0,0,0;0,0,0,0,0,0,0,0,0,0,0,1,0,0,0,0,0,0,0,0,0,0,0,0,0,0,0,0,1,0,0,0;0,1,0,1,0,0,0,0,1,0,0,0,0,0,1,0,1,0,0,0,0,1,0,1,0,0,1,1,0,0,0,0;0,0,1,0,0,0,0,0,0,1,0,0,0,0,0,1,0,0,0,0,0,0,1,0,0,0,1,0,0,0,0,1;0,0,0,0,0,1,0,0,1,0,0,1,0,0,0,0,0,0,1,0,0,1,0,0,0,0,0,0,0,0,0,1;0,0,0,0,0,0,0,0,1,0,0,0,0,0,1,0,0,0,0,0,0,0,0,0,0,0,0,0,0,0,0,0;0,1,0,0,0,0,0,0,1,0,0,0,0,0,1,0,0,0,0,0,0,1,0,0,0,0,0,0,0,0,0,0;1,0,0,0,0,0,0,0,1,0,0,0,0,1,0,0,0,0,0,0,1,0,0,0,0,0,1,0,0,0,0,0;1,0,0,0,0,0,0,0,0,0,0,0,0,0,1,0,1,1,0,0,0,0,0,1,0,1,0,0,0,0,0,0;1,0,0,0,0,0,0,0,1,0,0,0,1,0,0,0,0,0,1,1,0,0,0,1,0,0,0,0,0,0,0,1;0,0,0,0,1,0,0,0,0,0,0,1,0,0,0,0,0,0,0,0,0,0,0,0,0,0,0,0,0,0,0,0;0,0,1,0,1,0,0,0,0,0,0,0,0,0,0,0,0,0,1,0,0,0,0,0,1,1,0,0,0,0,0,1;0,0,0,0,0,0,0,1,0,0,0,0,0,0,0,0,0,0,0,0,0,0,0,0,0,0,0,0,0,0,0,0;0,0,0,1,0,0,0,1,0,0,0,0,0,0,0,1,0,0,0,0,0,0,0,0,1,0,0,1,0,0,0,0;0,0,0,0,0,0,0,0,0,0,0,0,0,0,1,0,0,0,0,0,0,0,1,0,1,0,0,0,0,0,0,0;0,0,0,0,0,0,1,1,0,0,0,0,0,0,0,0,0,0,0,0,0,1,0,0,0,0,0,0,0,0,0,0;1,1,0,0,0,1,0,1,0,1,0,0,0,0,1,0,0,0,0,1,0,0,0,0,0,0,0,0,0,0,0,0;0,0,0,0,0,0,0,0,0,0,0,0,1,0,0,0,0,0,1,0,0,0,0,0,0,0,0,0,0,0,1,0;0,0,0,0,0,0,0,0,0,0,0,0,0,0,0,1,0,0,0,0,0,1,1,0,0,0,1,1,0,0,0,0;0,0,0,0,0,0,0,0,0,0,0,0,0,0,0,0,0,0,0,0,0,0,0,0,0,0,0,0,1,0,0,0;0,0,0,0,1,1,0,0,0,0,0,0,0,1,0,0,0,0,1,0,0,0,0,0,0,0,0,1,1,0,1,0;1,1,0,0,0,1,0,0,0,1,0,0,0,0,0,0,0,0,0,0,0,0,0,0,0,0,0,0,0,1,0,0;0,0,1,0,0,1,0,0,0,1,1,0,0,1,0,1,0,0,0,0,0,0,1,0,0,0,0,0,0,0,0,0;0,0,0,0,0,0,0,0,0,0,0,0,0,0,0,0,0,0,0,0,0,1,0,1,1,0,0,0,0,1,0,0;0,0,0,0,0,0,0,0,0,1,1,1,0,0,0,0,0,0,0,0,0,0,0,0,1,1,1,0,0,0,0,0;0,0,0,0,0,0,0,0,0,0,0,0,0,0,1,1,1,0,0,0,0,0,0,0,0,0,0,0,1,0,0,0;1,1,0,0,0,0,0,0,0,0,0,0,0,0,0,0,0,0,0,0,1,0,1,0,1,0,0,0,0,0,0,0
jeff;8461698a-f8a1-4c58-aed3-bb22e5828f43;18,18,60;0,0,1,0,0,0,0,0,0,0,0,0,1,0,0,0,1,0;1,0,0,0,0,0,0,0,0,1,0,0,0,0,0,1,0,1;1,1,0,0,0,0,1,0,1,0,0,0,0,0,1,0,0,1;0,0,0,0,1,1,0,0,0,0,0,0,0,0,0,0,1,0;0,0,0,0,0,1,1,0,0,0,0,0,0,0,0,0,1,0;0,1,0,0,1,0,0,0,1,0,0,0,1,0,0,0,0,0;0,0,0,0,0,1,0,0,0,0,1,0,0,0,0,0,0,0;1,0,0,0,0,0,0,0,0,0,0,0,0,0,0,0,1,0;0,0,0,0,1,0,0,1,0,0,0,0,0,0,0,0,0,0;1,0,1,1,0,0,0,0,0,0,0,0,0,1,0,0,1,0;0,0,0,0,0,0,0,0,0,1,0,0,0,0,0,1,0,0;1,0,1,0,1,0,1,0,0,0,0,0,1,0,0,1,0,0;0,1,0,0,1,0,0,0,0,0,0,0,1,0,0,1,0,0;0,0,0,1,0,0,1,0,1,0,0,0,1,0,0,0,0,0;0,0,0,0,0,1,0,0,0,0,0,0,0,0,0,0,0,1;0,0,0,1,0,0,0,0,0,1,0,0,0,0,0,0,0,0;0,0,0,0,0,0,0,1,0,0,0,1,0,1,1,0,0,0;0,0,0,0,0,0,0,0,0,0,1,0,0,0,0,0,1,0
grisham;7e0eb1b0-7cc0-46da-820d-eafaf4f23060;18,18,60;0,0,0,0,0,0,0,0,0,0,0,0,0,0,0,0,0,0;0,0,0,1,1,1,1,0,1,0,0,0,0,0,0,0,0,0;0,0,0,0,0,0,0,0,0,1,0,0,0,0,0,0,0,0;0,1,0,0,0,0,0,0,0,0,0,0,0,0,1,1,0,0;0,0,0,0,1,0,0,0,0,1,1,0,0,0,0,1,0,0;0,0,0,0,0,0,0,0,0,0,0,0,0,0,0,0,0,1;0,0,1,1,0,0,0,1,0,0,0,0,0,0,0,0,0,0;1,1,0,0,1,1,0,1,1,0,0,0,0,0,0,0,0,1;0,0,0,0,0,0,1,0,0,0,0,1,1,0,1,0,0,1;0,1,0,0,0,0,1,0,0,0,1,0,0,0,0,0,0,0;1,0,0,1,0,0,0,0,0,0,0,0,0,0,0,0,0,1;1,0,0,0,0,0,1,0,0,0,1,0,1,0,0,1,1,0;0,0,0,0,0,0,0,0,0,0,1,0,0,1,0,0,0,0;0,0,0,1,0,0,0,1,0,1,0,0,0,0,0,0,0,0;0,0,0,0,0,0,0,0,0,1,1,0,0,0,1,0,0,0;0,0,0,0,1,0,1,0,0,0,0,0,0,1,0,1,0,1;1,0,0,0,0,1,0,0,0,0,0,0,0,1,0,0,1,0;0,0,1,0,1,0,0,0,0,0,0,0,0,0,0,0,0,0
grisham\;3e1995a2-8a4a-4a16-b92e-06b65a4574aa;8,8,10;0,0,0,0,0,0,0,0;0,0,0,0,0,0,0,0;0,0,0,0,0,0,0,0;0,1,0,0,0,0,0,0;0,1,0,0,1,1,0,0;1,0,0,0,1,0,1,0;1,0,0,0,0,0,1,1;0,0,0,0,0,0,0,0
nick;ccf7f64f-961d-4a34-8f43-5fd9a6b8235d;32,32,150;0,0,1,0,1,0,0,1,0,0,0,0,0,1,0,0,0,1,1,1,0,0,0,0,0,0,0,0,0,0,0,1;0,0,0,1,1,0,0,0,1,0,0,0,0,0,0,0,0,1,1,0,0,0,0,1,0,1,0,0,1,0,0,0;0,0,1,0,0,0,0,0,1,0,0,0,0,0,0,0,0,0,0,0,0,1,0,0,0,0,0,1,1,0,0,1;0,0,1,0,0,0,0,0,0,0,0,0,1,1,0,1,0,0,0,0,0,0,0,1,0,0,0,0,0,0,0,0;0,0,0,0,1,0,1,0,0,0,0,0,0,1,0,0,0,0,0,0,0,0,0,0,0,0,0,1,0,1,0,0;1,0,0,0,0,0,0,0,0,0,0,0,0,0,0,1,0,0,0,0,0,0,1,0,0,0,0,0,0,0,0,0;0,0,0,1,0,0,1,0,0,0,0,0,0,0,0,0,0,0,0,1,0,1,0,0,0,0,0,0,0,0,0,0;1,0,0,0,0,0,0,0,0,0,0,0,0,0,0,0,0,0,0,0,0,0,0,1,1,0,0,0,0,0,0,0;0,0,0,0,0,0,0,0,0,0,0,0,0,0,0,0,0,1,1,1,0,0,0,0,0,0,0,1,0,0,0,0;0,0,0,0,0,0,0,0,0,0,0,1,0,0,0,1,0,1,0,0,0,0,0,0,0,0,1,0,0,1,0,1;0,0,0,0,0,0,0,0,1,0,0,0,0,0,0,0,1,0,0,0,0,0,0,0,1,1,0,0,0,0,0,1;0,0,0,0,0,0,0,0,1,1,0,0,0,0,0,0,0,1,0,0,0,0,1,1,0,0,0,0,0,0,0,0;0,0,0,0,0,0,0,0,0,0,0,0,1,0,0,0,0,0,0,0,0,0,0,0,0,1,0,0,0,0,0,0;0,0,0,0,0,0,0,1,0,0,0,0,1,0,0,0,0,1,0,0,0,0,1,0,0,0,0,0,1,0,0,0;0,1,0,1,0,0,1,0,0,1,0,0,0,0,0,0,0,1,0,0,0,0,0,0,0,0,0,1,0,0,0,0;0,0,0,0,0,0,1,1,0,0,0,0,1,0,0,0,0,0,1,0,0,0,0,0,0,0,0,1,0,1,0,0;0,0,0,0,0,0,1,0,0,0,0,0,0,0,0,0,0,0,0,0,0,0,0,0,0,0,0,0,0,0,0,0;0,0,0,1,0,0,0,1,0,0,0,1,0,0,0,0,0,0,0,0,0,0,0,0,0,0,1,0,0,0,0,0;0,0,1,0,0,0,0,0,0,0,0,0,0,0,0,0,0,0,0,0,0,0,0,0,0,0,0,0,0,0,1,0;0,0,0,0,0,0,0,0,1,0,0,0,1,0,0,0,0,0,0,0,0,0,0,0,0,0,1,1,0,0,0,0;0,0,0,0,0,0,0,0,1,0,1,0,1,0,0,0,0,0,0,0,0,1,0,0,0,0,0,0,0,0,0,0;0,1,1,0,0,0,0,0,0,0,1,0,0,0,0,0,0,0,0,0,0,0,0,0,0,0,0,1,0,0,0,0;0,0,0,0,0,0,0,0,0,0,0,0,0,0,0,0,0,0,0,1,0,0,0,0,0,0,1,0,0,0,0,0;1,1,0,0,0,0,1,0,0,0,0,0,1,1,0,0,0,0,0,1,0,1,0,0,0,0,0,0,0,0,0,0;0,1,0,0,0,0,0,0,0,0,0,0,0,1,0,0,1,0,0,0,1,0,0,0,0,0,0,0,0,0,0,1;0,0,0,0,0,1,0,0,0,0,0,0,0,1,0,0,0,0,0,1,0,0,0,0,0,0,0,0,0,0,0,0;0,0,0,0,0,0,0,0,1,1,0,0,0,0,0,0,0,0,0,0,1,0,0,0,0,0,1,0,1,0,0,0;0,0,0,0,0,0,0,1,1,0,0,0,0,1,0,1,0,1,0,1,0,0,0,0,0,0,0,0,0,1,1,0;0,0,0,0,0,1,0,0,0,0,0,0,0,0,0,0,0,0,0,0,0,0,1,0,1,0,0,0,1,0,0,0;0,0,0,0,0,0,0,0,0,0,0,0,0,1,0,0,0,0,0,0,1,0,0,0,1,0,0,0,0,0,0,0;0,0,0,0,0,1,0,0,1,0,0,0,0,0,0,0,0,0,0,1,0,0,0,0,1,1,0,0,0,1,0,0;0,0,0,0,0,0,0,0,1,1,0,0,0,0,0,0,0,0,0,0,0,1,0,1,0,0,1,0,0,1,0,1
qwert;e7168b4b-9710-48a0-8f1e-f1dba38bdb3f;8,8,10;0,0,0,0,1,0,0,0;0,0,0,0,0,0,0,0;0,0,0,1,0,0,0,0;0,1,1,0,0,1,0,0;0,0,0,0,0,0,0,0;0,0,0,0,0,0,1,0;0,0,0,0,0,0,1,1;0,1,1,0,0,0,0,0
r;a4cfe647-f40c-4e80-ad48-908d42a6fb89;8,8,10;0,0,0,0,0,1,0,0;0,0,0,0,0,1,0,0;0,0,0,1,1,0,0,0;0,0,0,0,0,0,0,1;0,0,0,0,0,0,0,0;0,0,0,0,0,0,1,0;1,0,1,0,0,0,0,0;1,0,0,0,0,0,0,1
grisham;f16d1814-7447-4946-848c-94b80be5b82c;8,8,10;0,0,0,1,0,0,0,0;0,1,1,0,0,0,0,0;0,0,0,0,0,0,0,0;0,1,0,0,0,0,0,1;0,0,0,1,0,0,1,0;0,0,1,0,0,0,1,0;0,0,0,0,1,0,0,0;0,0,0,0,0,0,0,0
grisham;9a5056c3-b28f-4a76-a1ad-7a83fc56ee0e;8,8,10;0,1,0,0,0,1,0,0;0,0,0,1,0,0,0,0;0,0,0,0,0,0,1,0;0,0,0,0,0,0,0,0;0,0,1,0,0,0,0,1;0,0,0,1,0,0,0,0;1,1,0,0,0,0,1,0;0,0,0,0,0,0,0,0
grisham;cabb8b77-7b09-414d-aabe-f3e54361003e;8,8,10;0,0,0,0,0,0,0,0;0,0,0,0,0,1,0,0;0,0,0,0,1,0,0,0;1,0,0,0,0,0,0,0;0,0,0,0,0,0,0,1;1,1,0,1,0,0,0,0;0,0,0,1,0,0,0,0;0,0,0,0,1,1,0,0
grisham;09a12aa5-ea62-40e8-85a3-85bc81f8c096;10,10,15;0,1,0,0,0,0,0,0,0,1;0,0,0,0,0,0,0,0,1,0;1,0,0,0,1,0,0,1,0,0;0,0,0,0,0,1,0,1,0,0;0,0,0,0,0,0,0,0,1,0;0,0,0,1,1,0,0,0,0,0;0,0,0,0,0,0,0,0,0,0;0,0,0,0,0,0,0,1,0,0;0,1,0,0,0,0,0,0,0,1;0,0,0,1,0,0,0,0,0,0
grisham;cec39ad0-0ce5-4b22-ab61-16db78b061c8;10,10,15;0,0,0,1,0,0,1,0,1,0;0,0,0,0,0,1,0,0,0,1;1,0,1,0,0,0,0,0,0,0;0,0,0,0,0,0,0,0,0,0;0,0,0,0,1,0,0,0,1,1;0,0,0,0,0,0,0,0,0,0;0,0,0,1,0,0,0,0,0,0;0,0,0,0,0,0,1,0,0,0;0,0,0,0,1,0,0,0,0,0;0,0,0,0,1,0,0,0,0,1
grisham;a0284398-ff6d-440b-9d58-b7cf1a0a55e1;18,18,60;0,0,0,0,0,0,0,0,0,0,0,1,0,0,0,0,0,0;0,0,0,0,0,1,0,1,0,0,1,0,0,0,0,1,0,0;0,0,0,0,0,0,1,1,0,0,0,0,1,1,0,0,0,1;0,1,0,0,0,0,0,0,0,1,0,0,0,0,0,0,0,0;0,0,0,1,0,0,0,1,0,0,0,0,0,0,0,0,0,0;0,0,0,0,1,0,1,0,0,0,0,0,1,0,0,0,0,0;0,0,0,0,0,0,0,0,0,0,0,0,0,0,1,1,1,0;0,0,1,0,0,0,0,1,0,1,0,0,1,0,1,0,0,0;1,1,1,1,1,0,1,0,0,1,0,1,0,0,0,0,0,0;1,0,0,0,0,0,1,0,1,0,0,1,0,0,0,0,0,0;0,0,0,0,0,0,0,1,0,0,0,1,0,1,0,0,0,0;0,1,0,0,0,0,0,0,0,0,0,1,1,0,0,0,0,0;0,0,0,0,0,0,0,0,0,1,0,0,0,0,0,0,1,0;0,0,0,0,1,0,1,0,0,0,1,0,0,0,0,0,0,1;0,0,0,1,0,1,0,0,0,0,0,0,0,0,0,1,0,0;0,0,0,0,0,0,0,0,0,1,0,1,0,0,0,0,0,0;1,0,1,0,0,0,0,1,0,0,0,0,0,0,0,0,0,1;0,0,0,0,0,0,0,0,0,0,0,1,0,0,0,0,0,1
grisham;e8c5af31-91d6-4f7f-8ce4-696cd91f5cb8;8,8,10;0,0,0,0,0,0,1,0;0,0,0,0,1,0,0,0;1,0,0,0,1,0,0,0;0,0,0,1,0,0,0,0;1,0,0,0,0,0,1,0;0,0,0,0,0,0,0,0;0,1,0,0,1,0,0,0;0,1,0,0,0,0,0,0
grish;c53e3ac5-6d40-4996-9df7-911346fe8b6a;10,10,15;1,1,0,0,0,0,1,0,0,0;0,0,1,0,1,0,0,0,0,0;0,0,0,0,0,0,0,0,0,0;0,0,0,0,1,0,1,1,0,0;0,0,0,0,0,1,0,0,0,1;1,0,0,0,0,0,0,0,0,0;1,0,0,0,0,0,0,0,0,0;1,0,0,0,0,0,0,0,0,0;0,1,0,0,0,0,0,0,0,0;0,1,0,0,0,0,0,0,0,0
pdfs;eb759a16-b6d5-433e-a198-7bf57bc6e427;8,8,10;0,0,0,0,0,0,0,0;0,0,0,1,0,0,0,1;0,0,0,0,0,0,0,0;0,0,1,0,0,0,0,0;0,0,0,0,0,0,0,0;0,1,0,1,0,0,0,0;1,0,0,1,0,0,0,0;1,0,0,0,0,0,1,1
grisha;3ce03d9e-2a87-48f7-b60b-80f101b05faa;8,8,10;0,0,0,0,0,0,0,0;0,1,0,1,0,1,0,0;0,1,0,0,1,0,1,0;0,0,0,1,0,0,0,0;0,1,0,1,1,0,0,0;0,0,0,0,0,0,0,0;0,0,0,0,0,0,0,0;0,0,0,0,0,0,0,0
grisham;7311f98b-8cfb-4dfd-be09-380f9e7982f2;8,8,10;0,0,0,0,0,1,0,0;1,0,1,0,0,1,0,0;1,0,0,1,0,0,0,0;0,0,0,1,0,0,0,0;0,1,0,0,0,0,0,0;0,0,0,0,0,0,0,0;1,0,0,0,0,0,0,0;0,0,0,0,1,0,0,0
grisham;0ee01465-1836-4c0d-bbf2-de607fb0c719;8,8,10;0,0,0,1,0,0,0,0;0,0,0,0,0,0,0,0;1,0,0,0,0,0,0,1;1,0,0,0,0,0,0,0;0,0,1,0,0,0,0,0;0,1,0,0,0,1,0,0;1,0,1,0,0,0,0,0;0,0,1,0,0,0,0,0
grisham;e830c904-bc53-4897-ba0d-f41d4922ba09;8,8,10;0,0,1,0,0,0,0,0;0,0,0,0,0,0,0,0;0,0,0,1,0,0,0,0;0,0,0,0,0,0,0,0;0,1,1,1,0,0,0,0;1,0,0,1,0,0,0,0;1,0,0,0,0,0,0,1;0,0,0,0,0,0,0,1
1111;79eed19f-d0cb-496b-a3cb-45a4136bceb6;8,8,10;0,1,0,0,0,1,0,0;0,0,0,0,1,0,0,0;0,1,0,1,0,0,0,0;1,0,0,0,1,0,0,0;0,1,0,0,0,0,0,0;0,0,0,0,0,1,0,0;0,0,0,1,0,0,0,0;0,0,0,0,0,0,0,0
1111;61acceaa-2e83-4667-85bd-77c162dab612;8,8,10;1,0,0,0,0,0,0,0;0,0,0,0,0,0,1,0;0,0,0,0,0,0,0,1;1,1,1,1,0,0,0,0;0,0,0,0,0,0,0,0;0,0,0,0,0,0,0,1;0,0,1,1,0,0,0,0;0,0,0,0,0,0,0,0
1234;f64a2011-001c-49c3-8cc5-3e8b05a4e08b;8,8,10;0,0,0,0,0,0,0,0;0,0,0,1,1,0,0,0;0,0,0,0,0,0,0,0;0,0,1,0,0,0,1,0;0,0,0,0,0,0,0,0;0,1,1,0,0,0,0,1;0,0,0,0,1,0,0,1;0,0,0,0,0,0,0,1
qwerty;b447329d-f66d-4a22-bd57-a2a1293ed591;8,8,10;0,0,0,0,0,0,0,1;0,0,0,0,0,0,0,0;0,0,0,0,0,1,0,0;0,0,1,0,0,0,0,0;1,0,0,1,0,0,0,0;0,0,1,0,0,0,1,0;1,0,0,0,0,0,0,0;0,0,0,0,0,0,1,1
grisham;58188cfd-5210-477d-b9a5-369dc49a7c29;8,8,10;0,1,0,0,1,0,0,0;0,0,0,0,0,0,0,0;0,0,0,0,1,0,0,0;0,0,0,0,0,0,0,0;0,0,0,0,0,0,0,0;0,0,0,0,1,0,0,0;0,1,0,0,1,1,0,0;0,0,0,1,0,0,1,1
grisham;f49456aa-3c9c-4485-aaef-01c35dfbc1ce;8,8,10;0,0,0,0,0,0,0,0;0,0,1,0,1,0,0,0;0,0,0,0,0,0,0,0;0,0,0,1,0,0,0,0;0,0,0,0,0,0,0,0;0,0,0,0,0,0,1,1;0,0,1,1,0,0,0,1;1,0,0,1,0,0,0,0
aaaa;1a0cdcb7-29b1-4a39-bfeb-6324660395c6;8,8,10;0,1,0,0,0,1,0,0;0,0,0,0,0,0,0,1;0,1,0,1,0,0,0,0;0,0,1,0,0,0,0,0;0,0,1,0,0,0,0,1;0,0,0,0,0,0,0,0;0,0,0,1,0,0,0,0;0,0,0,0,0,0,1,0
